##  Data from 03/07/18 for TiOpt


pair_pot_bank [[27.12291536  1.20665817  1.1691004   0.60332908  1.        ]
 [27.15799356  1.20264668  1.17154246  0.60132334  1.        ]
 [26.93384579  1.19529378  1.16884202  0.59764689  1.        ]
 [26.96208073  1.20648779  1.17823391  0.60324389  1.        ]
 [26.94526107  1.20311242  1.16791986  0.60155621  1.        ]
 [21.72437674  1.31556068  1.18056053  0.65778034  1.        ]
 [21.80271147  1.32148226  1.15934079  0.66074113  1.        ]
 [24.40335254  1.18646078  1.08075634  0.59323039  1.        ]
 [26.99996819  1.29955425  1.02076481  0.64977713  1.        ]
 [26.28518485  1.29113683  1.04802635  0.64556841  1.        ]
 [26.58357689  1.28209122  1.0814674   0.6377652   1.        ]
 [26.72425446  1.29537995  1.06152365  0.64768997  1.        ]
 [27.42465409  1.28121645  1.1111322   0.64060823  1.        ]
 [26.66889811  1.22697679  1.17017604  0.70803546  1.        ]
 [27.22861955  1.27979956  1.10901173  0.63989978  1.        ]
 [27.30243938  1.28133281  1.10929197  0.64066641  1.        ]
 [27.0744463   1.28571136  1.11063643  0.64285568  1.        ]
 [27.30038305  1.28128297  1.1093773   0.64064149  1.        ]
 [27.25415487  1.27968878  1.10779659  0.64831418  1.        ]
 [27.3890739   1.2807217   1.14784279  0.64036085  1.        ]]
dddcoeff_bank [[ 6.82011123  3.70707945  1.49641734  0.48988592]
 [ 6.80099597  4.34888497  1.32492961  0.48988592]
 [ 6.53548216  4.34888497  1.49883145  0.52444163]
 [ 6.18346364  4.00006302  1.49883145  0.52553484]
 [ 6.18346364  4.74995905  1.49883145  0.46979437]
 [ 9.9739734   6.53285254  1.70665494  0.34570502]
 [10.23992963  6.53285254  1.70665494  0.35474576]
 [10.20968613  6.50348253  1.70161435  0.44176403]
 [10.20968613  6.47208283  1.70161435  0.44093264]
 [10.20968613  6.35171468  1.70161435  0.44714869]
 [ 8.08514427  6.35171468  1.34752405  0.44093264]
 [13.06655415  6.30245827  2.17775902  0.44714869]
 [13.07095131  6.35171468  2.17849188  0.43625469]
 [13.06655415  6.37406104  2.17775902  0.44714869]
 [13.07095131  6.35171468  2.17849188  0.43628817]
 [ 6.          5.42727317  2.17849188  0.43613379]
 [ 6.          5.20859241  2.19080472  0.43628817]
 [ 6.          5.42727317  2.12075054  0.43613379]
 [ 8.11189914  5.20859241  2.19080472  0.43628817]
 [ 5.93266978  5.42727317  2.34442178  0.43613379]]
total_error 
 [428.3891812  395.64614739 487.86000264 421.63437549 491.84847983
 618.38293159 604.53220101 609.08998436 475.19225541 149.94286879
 357.68718894 200.47540656 215.19051796 399.63811212 370.95312398
 343.22394584 350.93942467 361.41019896 393.48149858 344.0308869 ]
